1337513821|5|5
1337513821|6|4
1337513821|0|0
1337513821|0|0
1337513821|3|0
1337513821|3|0
1337513821|0|1
1337513821|3|0
1337513821|1|2
1337513821|2|1
1337513821|3|0
1337513821|1|2
1337513821|0|3
1337513821|3|0
1337513821|3|0
1337513821|3|0
1337513821|0|3
1337513821|male|undefined|0|0
1337513821|male|undefined|0|0
1337513821|male|undefined|0|0
1337513821|male|undefined|0|0
1337513821|male|undefined|10|0
1337513821|male|undefined|7|3
1337513821|male|undefined|4|6
1337513821|male|undefined|4|6
1337513821|male|undefined|6|4
1337513821|male|undefined|1|9
